$ 17 5.0E-6 10.20027730826997 50 5.0 50
v 272 384 272 192 0 0 40.0 5.0 0.0 0.0 0.5
w 272 384 400 384 0
f 320 352 400 352 0 1.5
w 400 368 400 384 0
w 400 336 400 304 0
w 400 304 416 304 0
r 416 304 416 192 0 100.0
w 400 384 544 384 0
f 464 352 544 352 0 1.5
w 544 384 544 368 0
w 544 336 544 304 0
w 416 304 544 304 0
f 608 304 704 304 0 1.5
w 544 304 608 304 0
r 704 192 704 256 0 100.0
w 704 256 704 288 0
w 544 384 704 384 0
w 704 320 704 384 0
w 704 384 800 384 0
w 272 192 320 192 0
w 416 192 320 192 0
w 416 192 464 192 0
w 704 192 464 192 0
172 320 352 336 352 0 6 5.0 5.0 0.0 0.0 0.5 Voltage
172 464 352 496 352 0 6 5.0 5.0 0.0 0.0 0.5 Voltage
162 704 288 800 288 1 2.1024259 1.0 0.0 0.0
w 800 288 800 384 0
